4294967294,0
4294967278,32
4294967278,31
4294967278,30
4294967278,29
4294967278,28
4294967278,27
4294967278,26
4294967278,25
4294967278,24
4294967278,23
4294967278,22
4294967278,21
4294967278,20
4294967278,19
4294967278,18
4294967278,17
4294967278,16
4294967278,15
4294967278,132
4294967278,131
4294967278,130
4294967278,129
4294967278,128
4294967278,127
4294967278,126
4294967278,125
4294967278,124
4294967278,123
4294967278,122
4294967278,121
4294967278,120
4294967278,119
4294967278,118
4294967278,117
4294967278,116
4294967278,115
4294967278,114
4294967278,113
4294967278,112
4294967278,14
4294967278,13
4294967278,12
4294967278,11
4294967278,10
4294967278,9
4294967278,8
4294967278,7
4294967278,6
4294967278,5
4294967278,4
4294967279,132
4294967279,131
4294967279,130
4294967279,129
4294967279,128
4294967279,127
4294967279,126
4294967279,125
4294967279,124
4294967279,123
4294967279,122
4294967279,121
4294967279,120
4294967279,119
4294967279,118
4294967279,117
4294967279,116
4294967279,115
4294967279,114
4294967279,113
4294967279,112
4294967279,111
4294967279,110
4294967279,109
4294967279,108
4294967279,107
4294967279,106
4294967279,105
4294967279,104
4294967279,103
4294967279,102
4294967279,101
4294967279,100
4294967279,99
4294967279,98
4294967279,97
4294967279,96
4294967279,95
4294967279,94
4294967279,93
4294967279,92
4294967279,91
4294967279,90
4294967279,89
4294967279,87
4294967279,86
4294967279,85
4294967279,84
4294967279,83
4294967279,82
4294967279,81
4294967279,80
4294967279,79
4294967279,78
4294967279,77
4294967279,76
4294967279,75
4294967279,74
4294967279,73
4294967279,72
4294967279,71
4294967279,70
4294967279,69
4294967279,68
4294967279,67
4294967279,66
4294967279,65
4294967279,64
4294967279,63
4294967279,62
4294967279,61
4294967279,60
4294967279,59
4294967279,58
4294967279,57
4294967279,56
4294967279,55
4294967279,54
4294967279,53
4294967279,52
4294967279,51
4294967279,50
4294967279,49
4294967279,48
4294967279,47
4294967279,46
4294967279,45
4294967279,44
4294967279,43
4294967279,42
4294967279,41
4294967279,40
4294967279,39
4294967279,38
4294967279,37
4294967279,36
4294967279,35
4294967279,34
4294967279,33
4294967279,32
4294967279,31
4294967279,30
4294967279,29
4294967279,26
4294967279,21
4294967279,20
4294967279,271
4294967279,19
4294967279,18
4294967279,17
4294967279,281
4294967279,16
4294967279,15
4294967279,14
4294967279,13
4294967279,12
4294967279,11
4294967279,10
4294967279,262
4294967279,9
4294967279,8
4294967279,7
4294967279,6
4294967279,5
4294967279,4
4294967294,22
4294967294,17
4294967294,67
4294967294,99
4294967294,43
4294967294,26
11,0
4294967279,140
4294967279,0
4294967279,28
4294967279,27
4294967279,25
4294967279,24
4294967279,23
4294967294,12
4294967294,27
4294967294,969
4294967294,82
4294967294,68
4294967294,11
0,5
4294967278,324
4294967278,0
4294967294,7
4294967279,22
4294967294,6
4294967294,5
4294967278,323
4294967278,322
4294967278,321
4294967279,380
4294967278,320
11,82
4294967294,427
4294967294,1418
4294967294,1419
4294967294,914
4294967278,575
36,9
4294967294,1413
4294967294,1422
4294967278,574
4294967294,1421
36,8
4294967278,573
36,7
36,6
36,5
36,4
36,3
36,2
36,1
4294967294,1420
4294967294,476
4294967278,572
34,7
34,6
34,5
34,4
34,3
34,2
34,1
4294967278,571
4294967279,379
4294967278,570
4294967278,569
4294967278,568
4294967278,567
4294967279,378
4294967278,566
4294967278,565
4294967279,377
4294967278,564
4294967278,563
4294967279,376
4294967279,375
4294967278,562
4294967278,561
4294967279,374
4294967294,1416
4294967294,475
4294967294,474
4294967294,473
23,6
23,5
23,4
23,3
23,2
23,1
4294967279,373
4294967279,372
4294967278,560
4294967279,371
4294967278,559
4294967279,370
4294967278,558
4294967279,369
4294967278,557
21,5
21,4
21,3
21,2
21,1
4294967279,368
4294967278,556
4294967278,555
4294967279,367
4294967279,366
4294967279,365
4294967279,364
4294967278,554
4294967278,553
4294967279,363
4294967278,552
4294967279,362
4294967294,1417
4294967279,361
4294967278,551
4294967294,940
4294967279,360
4294967294,472
4294967278,550
4294967279,359
4294967279,358
4294967279,357
4294967278,549
4294967279,356
16,4
16,3
16,2
16,1
15,5
15,4
15,3
15,2
15,1
11,81
14,4
14,3
14,2
14,1
11,80
11,79
4294967278,548
4294967278,547
4294967278,546
4294967279,355
4294967278,545
11,78
11,77
11,76
11,75
11,74
11,73
11,72
11,71
11,70
11,69
11,68
11,67
11,66
11,65
11,64
11,38
11,37
11,36
11,35
11,34
11,33
11,32
11,31
11,30
11,29
11,28
11,27
11,26
11,25
